4778
3046
6524
9866
9540
2011
4086
7713
1442
5012
1690
6298
3655
112
5014
7209
212
205
6993
5099
9925
3609
8307
6823
7558
7055
8538
6025
6719
5772
2853
7753
3311
6820
1938
6332
3073
2145
478
1693
8241
9774
2700
1282
8405
7261
7276
3760
7685
9604
1139
3561
2452
4382
1819
9024
5352
6613
9211
1094
7782
4544
7220
7542
604
8621
8922
3548
7263
9517
4550
351
7857
7338
2619
6180
8751
4064
8785
8408
4024
2032
9292
4785
1683
4591
1127
7510
4348
440
463
827
865
9065
8575
1318
1046
769
6668
8673
179
7939
4873
501
9788
9282
328
1182
4804
5438
3923
548
2643
8477
6075
8883
6242
3869
856
1309
7623
8380
6123
8007
2182
9172
6766
4581
825
5548
8532
663
9013
7681
744
579
9828
596
2987
7638
9516
5482
6490
2541
4703
8057
3018
9804
1621
4255
1659
1476
4186
9685
4844
2370
9042
9856
9429
4944
8777
3063
3713
4294
7353
4642
3586
5245
8253
8803
9212
4686
2637
8367
5789
6324
4289
5019
7776
9454
5073
4919
2975
5277
1054
625
2459
4058
5219
9263
5228
6209
8561
7215
359
2573
3564
1719
2943
6186
4196
4027
8565
4643
8547
6250
4110
4610
7099
6362
5127
5929
8594
2934
9444
5360
6194
652
6637
3238
9250
3163
6535
3866
349
7778
8134
8250
7589
5202
7903
395
6009
1323
2952
8439
700
7889
86
3703
229
5599
5247
2932
1884
6409
6628
2376
6534
9636
3576
5158
5682
1614
7594
5049
6614
788
1188
3945
1295
9146
3069
7730
9965
8478
4883
1204
2211
8144
6581
5567
4213
784
6947
1242
7529
3983
5268
2928
5021
4515
3903
2858
7779
8335
5173
7583
4302
9062
4990
6047
9501
5418
8759
2581
6193
9620
7541
5225
1371
2951
9041
3189
902
701
5166
6044
4920
4001
2903
8425
9968
9963
2334
9882
2591
1767
7047
5396
8726
9950
3894
1029
614
4300
1362
8305
3632
8955
366
1797
6293
4728
5398
597
2072
1067
3021
9659
7680
6017
6623
931
2922
5311
5499
6587
3803
8438
3297
5523
7808
8937
7398
3938
9325
4485
3975
9589
1087
7913
5977
5989
9021
1843
7317
5415
9379
8633
5649
6740
8557
6609
5999
1312
6240
7547
7303
199
7954
608
945
4222
1223
9626
134
1905
1567
2936
2732
1729
8559
5194
794
8344
8724
3770
1092
7395
8715
6290
554
5283
364
9160
4291
5384
8962
7492
3513
4054
9565
6365
2704
558
884
4398
8280
6029
7874
9481
2292
8374
7726
8418
1032
8406
2941
1467
3241
289
1251
7926
8117
4012
1302
3292
2082
6041
8039
3113
7831
8613
515
3182
2125
8312
9915
7815
828
5167
1194
7888
888
6656
8806
7465
2243
3430
375
4342
6286
798
8502
4524
6402
1044
7058
6465
9919
8896
8917
2442
8610
370
2913
8325
6878
8190
6182
6693
3275
7958
273
2345
9002
9748
2349
5910
6287
9264
5345
5739
8713
7495
2948
8178
7016
7212
